1563945942.504614 25.8 33.7
1563945945.7233493 27.3 33.7
1563945948.8639781 27.3 33.7
1563945952.082716 25.8 33.7
1563945955.8789642 67.8 34.4
1563945959.5202048 25.0 34.1
1563945962.5983348 26.3 33.9
1563945965.6764991 25.0 33.7
1563945968.7545943 25.0 33.6
1563945971.81712 25.0 33.6
1563945974.8640013 25.0 33.6
1563945977.9421282 31.0 33.9
1563945981.0358782 28.9 34.0
1563945984.1296299 29.2 33.8
1563945987.2702043 27.3 33.9
1563945990.332742 32.3 34.1
1563945993.3952222 25.8 34.1
1563945996.4890563 30.5 33.9
1563945999.5671241 28.0 33.8
1563946002.645208 29.7 33.8
1563946005.7389905 28.9 33.8
1563946008.8327074 32.6 33.8
1563946011.9890187 25.0 33.9
1563946015.0827086 25.8 33.8
1563946018.1608448 25.0 33.8
1563946021.2233815 25.0 33.7
1563946024.285836 26.0 33.7
1563946027.3483694 25.4 33.7
1563946030.426489 27.3 33.7
1563946033.4889839 25.8 33.7
1563946036.6139548 28.0 33.7
1563946039.6776814 26.6 33.7
1563946042.787652 27.3 33.6
1563946045.8345413 25.0 33.6
1563946049.0376575 25.8 33.6
1563946052.10016 25.8 33.6
1563946055.1939049 27.3 33.5
1563946058.303281 27.3 33.5
1563946061.3814044 25.0 33.5
1563946064.4595306 25.0 33.5
1563946067.5219936 26.6 33.5
1563946070.584514 29.5 33.5
1563946073.6782691 27.9 33.5
1563946076.72515 25.0 33.4
1563946079.7876189 25.0 33.4
1563946082.8657658 25.8 33.4
1563946085.9751067 25.4 33.4
1563946089.0688782 26.5 33.4
1563946092.1950357 25.0 33.4
1563946095.3344822 26.0 33.3
1563946098.4282696 25.0 33.3
1563946101.4751186 25.8 33.3
1563946104.5845358 25.8 33.3
1563946107.6626375 25.8 33.4
1563946110.7876368 25.0 33.3
1563946113.8501074 26.6 33.3
1563946117.5063605 25.0 33.2
1563946120.6001325 25.0 33.2
1563946123.6782339 24.8 33.2
1563946126.787668 25.8 33.2
1563946129.8657773 26.8 33.2
1563946132.9594939 25.2 33.2
1563946136.021979 25.0 32.3
1563946139.1001396 25.8 32.4
1563946142.3344805 28.8 32.4
1563946145.522013 52.6 32.7
1563946148.6939054 27.3 32.7
1563946152.178271 26.6 32.6
1563946155.287694 25.0 32.6
1563946158.350136 26.6 32.6
1563946161.4438567 29.7 32.6
1563946172.8032625 37.5 32.7
1563946175.9126492 28.2 32.7
1563946179.0688918 28.0 32.7
1563946182.318906 26.6 32.7
1563946185.7407317 29.5 32.7
1563946188.8657696 28.1 32.7
1563946191.9751518 28.9 32.7
1563946195.2407556 26.6 32.7
1563946198.3188841 29.7 32.7
1563946201.459541 24.8 32.7
1563946204.5376277 28.8 32.7
1563946207.6157448 27.3 32.7
1563946210.7251456 28.9 32.7
1563946213.7563887 25.0 32.9
1563946216.8605828 26.5 32.9
1563946219.9386742 25.2 32.9
1563946223.1261697 27.3 32.8
1563946226.251168 28.0 32.8
1563946229.3293383 27.3 32.8
1563946232.4230497 25.8 32.8
1563946235.5793269 25.0 32.8
1563946238.6730902 34.4 33.3
1563946241.7668452 29.7 32.5
1563946244.860547 28.1 32.5
1563946247.9387162 29.3 32.5
1563946251.0168366 25.8 32.5
1563946254.0949697 25.8 32.5
1563946257.1887038 28.0 32.5
1563946260.2668462 25.8 32.5
1563946263.3293164 27.3 32.5
1563946266.4074676 27.5 32.5
1563946269.4855447 31.2 32.5
1563946272.5636787 25.8 32.5
1563946275.6105895 25.8 32.5
1563946278.7199497 25.8 32.5
1563946281.7980793 25.0 32.4
1563946284.8917942 25.0 32.4
1563946288.063685 49.6 32.9
1563946291.094959 25.8 32.9
1563946294.1730697 25.0 32.6
1563946297.2512178 25.8 32.6
1563946300.3137064 27.3 32.6
1563946303.360548 26.6 32.6
1563946306.407441 26.8 32.6
1563946309.4387317 27.6 32.6
1563946312.4855824 26.8 32.6
1563946315.5949204 25.8 32.6
1563946318.6886904 25.0 32.6
1563946321.766832 26.6 33.1
1563946324.8137136 28.9 32.9
1563946327.8762064 25.0 32.6
1563946330.9699192 26.5 32.6
1563946334.048043 26.5 32.6
1563946337.0793426 26.4 32.6
1563946340.1418343 25.0 32.6
1563946343.1887057 25.8 32.6
1563946346.251214 25.0 32.6
1563946349.3137007 26.0 32.6
1563946352.3605483 25.0 32.6
1563946355.4387107 24.2 32.6
1563946358.501214 26.5 32.6
1563946361.7512066 25.8 32.5
1563946364.7980924 25.0 32.5
1563946367.8762038 25.0 32.5
1563946370.93869 25.0 32.5
1563946373.969968 25.0 32.5
1563946377.0640285 25.0 32.5
1563946380.2667947 25.8 32.5
1563946383.3761694 26.6 32.5
1563946386.4856076 25.0 32.5
1563946389.7512157 25.4 32.5
1563946392.8762178 26.6 32.4
1563946396.0480902 27.6 32.4
1563946399.1262052 25.0 32.4
1563946402.2199485 25.8 32.5
1563946405.51684 25.0 32.5
1563946408.6105676 25.8 32.5
1563946411.7043412 27.1 32.5
1563946414.8918247 25.0 32.5
1563946418.1730866 25.0 32.9
